h : 6.62607015e-34 # Planks constant
hbar : 1.054571817e-34
e0 : 1.602176634e-19 # elementary charge
a0 : 0.5291772083e-10 # Bohrs Radius
c0 : 299792458 # vacuum speed of light
kB : 1.3806503e-23 # Boltzmann constante
NA : 6.02214076e23 # Avogadro constante
amu : 1.66053873e-27 # atomic mass unit
gs : 2.0023193043737 # electron spin factor
